[ถนนคนเดิน+สวนประวัติ_๑๗๐๔๒๔_0094.jpg]
filters=Lomo=1,100.000000,67.251465;
moddate=600463c4e3bed201
width=2304
height=1536
textactive=0
[1.jpg]
filters=finetune2=1,0.000000,0.193684,0.000000,00000000,0.000000;
moddate=149d930c01c1d201
width=1600
height=1067
textactive=0
