[ถนนคนเดิน+สวนประวัติ_๑๗๐๔๒๔_0216.jpg]
filters=tilt=1,0.130390,0.000000;crop64=1,ffffe6d4;finetune2=1,0.175439,0.000000,0.000000,00000000,0.000000;unsharp2=1,0.701754;sat=1,0.368421;crop64=1,78e0055ffffe07f;tilt=1,0.011818,0.000000;
crop=rect64(78e0055ffffe07f)
moddate=1b8e4580f2bed201
width=2304
height=1536
textactive=0
[7.jpg]
filters=sat=1,0.161800;
moddate=761ae8e2f8bed201
width=2304
height=1536
textactive=0
[6.jpg]
filters=finetune2=1,0.064327,0.103860,0.000000,00000000,0.000000;sat=1,0.161800;
moddate=5496df50edc0d201
width=2166
height=1534
textactive=0
[8.jpg]
filters=glow2=1,0.650000,3.000000;finetune2=1,0.000000,0.019649,0.000000,00000000,0.000000;unsharp2=1,0.421053;
moddate=b2d74a12efc0d201
width=2217
height=1534
textactive=0
